THRESHOLD 0.05
9044
452
the 0th
0.7008281573498965
0.7422360248447205
0.7168737060041408
0.7199792960662525
0.7179089026915114
0.7111801242236024
0.7091097308488613
0.7148033126293996
0.6987577639751553
0.7261904761904762
10-fold:  0.7157867494824017

THRESHOLD 0.1
9044
904
the 0th
0.7054865424430642
0.7593167701863354
0.7122153209109731
0.7163561076604554
0.7443064182194618
0.7116977225672878
0.7070393374741201
0.717391304347826
0.7008281573498965
0.7236024844720497
10-fold:  0.719824016563147


THRESHOLD 0.15
9044
1357
the 0th
0.7080745341614907
0.7468944099378882
0.7168737060041408
0.7334368530020704
0.7401656314699793
0.7199792960662525
0.7137681159420289
0.7199792960662525
0.7142857142857143
0.7318840579710145
10-fold:  0.7245341614906833

THRESHOLD 0.2
9044
1809
the 0th
0.7080745341614907
0.7572463768115942
0.7194616977225673
0.7308488612836439
0.729296066252588
0.7386128364389234
0.7246376811594203
0.7204968944099379
0.7163561076604554
0.7220496894409938
10-fold:  0.7267080745341614

THRESHOLD 0.25
9044
2261
the 0th
0.7060041407867494
0.7556935817805382
0.7256728778467909
0.7349896480331263
0.7484472049689441
0.7339544513457557
0.7349896480331263
0.7256728778467909
0.7220496894409938
0.7313664596273292
10-fold:  0.7318840579710146

0.30
9044
2713
the 0th
0.7168737060041408
0.7494824016563147
0.7256728778467909
0.7479296066252588
0.7489648033126294
0.7272256728778468
0.7272256728778468
0.7360248447204969
0.7204968944099379
0.7272256728778468
10-fold:  0.7327122153209109

0.35
9044
3165
the 0th
0.7054865424430642
0.7494824016563147
0.7360248447204969
0.7443064182194618
0.7572463768115942
0.7365424430641822
0.7375776397515528
0.7334368530020704
0.7184265010351967
0.7365424430641822
10-fold:  0.7355072463768115

0.40
9044
3618
the 0th
0.717391304347826
0.7634575569358178
0.7246376811594203
0.7370600414078675
0.7536231884057971
0.7463768115942029
0.7412008281573499
0.7303312629399586
0.722567287784679
0.734472049689441
10-fold:  0.7371118012422361

0.45
9044
4070
the 0th
0.7210144927536232
0.755175983436853
0.7401656314699793
0.7474120082815735
0.7437888198757764
0.7308488612836439
0.7365424430641822
0.7422360248447205
0.7204968944099379
0.7308488612836439
10-fold:  0.7368530020703933

0.50
9044
4522
the 0th
0.724120082815735
0.760351966873706
0.7282608695652174
0.7427536231884058
0.7541407867494824
0.7479296066252588
0.7432712215320911
0.7484472049689441
0.7210144927536232
0.739648033126294
10-fold:  0.7409937888198759

0.55
9044
4974
the 0th
0.724120082815735
0.7650103519668737
0.722567287784679
0.7463768115942029
0.7531055900621118
0.7334368530020704
0.7282608695652174
0.7324016563146998
0.7142857142857143
0.7365424430641822
10-fold:  0.7356107660455486

0.60
9044
5426
the 0th
0.729296066252588
0.7644927536231884
0.7339544513457557
0.7432712215320911
0.7546583850931677
0.7329192546583851
0.7236024844720497
0.7484472049689441
0.7230848861283644
0.7365424430641822
10-fold:  0.7390269151138715

0.65
9044
5879
the 0th
0.7220496894409938
0.7650103519668737
0.7329192546583851
0.7318840579710145
0.7505175983436853
0.744824016563147
0.7412008281573499
0.7520703933747412
0.724120082815735
0.7417184265010351
10-fold:  0.7406314699792961

0.70
9044
6331
the 0th
0.729296066252588
0.7717391304347826
0.7199792960662525
0.7443064182194618
0.7510351966873706
0.7427536231884058
0.7287784679089027
0.7412008281573499
0.7261904761904762
0.744824016563147
10-fold:  0.7400103519668737

0.75
9044
6783
the 0th
0.7256728778467909
0.765527950310559
0.7380952380952381
0.7406832298136646
0.760351966873706
0.7437888198757764
0.739648033126294
0.7427536231884058
0.722567287784679
0.7391304347826086
10-fold:  0.7418219461697724

0.80
9044
7235
the 0th
0.7184265010351967
0.7675983436853002
0.7287784679089027
0.75
0.765527950310559
0.7380952380952381
0.7339544513457557
0.7349896480331263
0.7220496894409938
0.7437888198757764
10-fold:  0.7403209109730848

0.85
0.7236024844720497
0.7670807453416149
0.7220496894409938
0.7484472049689441
0.7505175983436853
0.7427536231884058
0.7313664596273292
0.7432712215320911
0.7204968944099379
0.7484472049689441
10-fold:  0.7398033126293996

0.90
9044
8140
the 0th
0.7468944099378882
0.7727743271221532
0.7272256728778468
0.7458592132505176
0.7608695652173914
0.7334368530020704
0.7282608695652174
0.7360248447204969
0.718944099378882
0.7453416149068323
10-fold:  0.7415631469979295

0.95
9044
8592
the 0th
0.7443064182194618
0.7670807453416149
0.7303312629399586
0.7546583850931677
0.7634575569358178
0.734472049689441
0.7370600414078675
0.7401656314699793
0.7184265010351967
0.7417184265010351
10-fold:  0.743167701863354

1
9044
9044
the 0th
0.7443064182194618
0.7670807453416149
0.7303312629399586
0.7546583850931677
0.7634575569358178
0.734472049689441
0.7370600414078675
0.7401656314699793
0.7184265010351967
0.7417184265010351
10-fold:  0.743167701863354