0.05
9044
452
the 0th
0.7215320910973085
0.5502070393374742
0.5859213250517599
0.6325051759834368
0.7085921325051759
0.556935817805383
0.5129399585921325
0.6651138716356108
0.6656314699792961
0.7380952380952381
10-fold:  0.6337474120082816

0.4
9044
3618
the 0th
0.6770186335403726
0.7236024844720497
0.6433747412008282
0.6935817805383023
0.6935817805383023
0.6951345755693582
0.7101449275362319
0.5905797101449275
0.6920289855072463
0.6904761904761905
10-fold:  0.680952380952381

0.6
9044
5426
the 0th
0.6754658385093167
0.703416149068323
0.629399585921325
0.6915113871635611
0.682712215320911
0.7132505175983437
0.6625258799171843
0.672360248447205
0.6506211180124224
0.7065217391304348
10-fold:  0.6787784679089027